1086
1341
739
796
1153
784
1820
1002
454
699
691
505
1182
213
1192
1984
175
876
860
677
293
256
471
435
1421
1740
1950
509
1331
199
491
416
1540
787
1212
249
1572
588
1251
25
845
1942
87
1584
1712
1279
1567
1445
1713
426
121
5
239
149
441
1217
1890
1948
1726
777
146
1775
751
1243
561
1520
1049
132
1666
299
1716
510
1798
1803
93
1510
639
1217
954
351
1200
632
1914
996
781
1912
212
227
1859
1495
1005
1562
1269
1313
361
1831
832
1410
1520
497
1709
792
564
1064
152
214
130
791
988
641
699
187
1273
612
1183
53
81
952
281
1940
4
843
1059
1273
155
1420
660
544
830
1738
599
95
529
1163
716
681
935
846
1029
1923
1044
1728
1668
316
1898
850
1928
1979
1360
1766
1475
1364
165
533
193
320
1954
411
864
340
148
1020
1993
234
183
709
473
1118
1555
1502
597
599
787
264
472
241
672
1957
219
1589
1722
1694
952
1887
1785
702
1764
1738
1113
185
1635
818
1205
1627
610
945
335
1083
62
1448
141
217
1604
485
481
75
726
710
32
945
298
1311
196
1250
755
1981
1510
518
1275
622
703
909
998
1466
535
1608
410
428
247
473
1876
388
247
1036
874
728
1111
1600
1439
700
102
1737
1569
298
544
323
1836
53
841
1110
232
1102
18
787
567
110
394
977
538
641
1007
1971
587
1254
1006
1461
1540
1675
617
535
1932
276
1829
1500
131
1930
1380
1967
1983
221
1076
1773
880
651
559
1447
319
511
1981
414
1152
988
385
1739
1799
948
756
895
179
931
1430
111
1207
1259
1168
1339
1188
548
862
728
326
1496
57
1206
1704
616
652
22
1127
189
437
1837
734
379
1132
533
884
1889
1428
1064
819
415
732
1583
1674
1900
478
418
4
1341
703
330
836
760
1536
539
934
1745
119
1618
1935
113
1011
668
492
143
758
933
31
186
1997
407
601
285
1547
1832
185
25
1807
189
1366
510
77
1759
827
1613
1855
1318
915
1974
936
849
86
1947
1074
135
89
1833
626
1678
1576
622
1642
1734
465
1189
1122
650
1214
485
396
136
995
473
1452
1380
1644
1306
697
558
837
1190
964
480
694
37
173
783
1427
799
18
559
978
1660
292
1443
405
971
1650
1176
1457
46
1312
8
76
763
1388
1277
1627
1643
1835
20
832
355
500
1526
1951
673
1867
934
1029
1442
1494
7
658
1343
1450
1064
314
1100
239
1328
703
1109
1336
336
1429
281
1171
1055
1481
562
632
312
918
1133
1396
868
1363
819
1802
392
1818
852
1957
475
195
1406
1539
66
62
1336
1394
322
444
286
216
1873
567
1387
485
47
1949
1117
1918
866
1807
870
1291
1170
1246
650
1119
1063
1502
1075
1538
1254
37
634
1320
1658
1970
270
1980
1971
557
1753
1400
681
1139
1885
729
645
559
203
1511
365
630
359
1092
1876
566
1768
938
1625
399
32
879
437
666
1756
1652
192
1584
1188
162
140
941
1120
821
79
1004
1107
724
1120
867
1793
1486
1497
1709
134
1372
274
1460
1867
1899
1859
1900
334
1853
122
90
1504
315
1674
692
34
1371
1633
1154
1749
1269
1716
413
1551
835
1280
900
1878
334
608
1570
1706
439
1029
1130
1895
444
1029
229
297
1151
1877
1801
1023
1107
49
615
477
1682
1769
1783
508
1041
195
58
1434
1033
958
868
1367
1123
1995
629
1562
1023
1316
1456
1025
344
1242
1322
1053
1118
679
75
224
729
247
258
1968
1574
1599
475
614
1794
90
1605
383
605
473
1307
1285
24
1494
846
1048
809
1860
72
711
658
951
1764
1777
1630
1396
1558
358
1644
1374
1884
774
972
1916
1388
322
6
550
263
168
1023
1127
1454
604
620
1857
1209
987
1273
838
1698
1932
1789
1018
1265
1419
1971
379
1334
1171
1753
1217
1945
281
1133
890
161
696
1440
424
421
19
1108
1875
623
1729
1732
1833
272
561
670
1527
492
459
544
1314
1435
71
1694
325
800
1003
1100
744
842
1790
1191
1003
485
630
984
463
649
91
338
830
1377
1627
662
1649
187
889
1175
237
905
1276
1551
1897
1348
801
222
147
1362
1322
448
203
1111
1640
763
1153
1827
1747
1616
476
1395
1511
863
772
694
1082
420
882
1971
1153
676
876
428
1784
772
1333
142
551
1037
1504
1873
1486
1707
540
682
469
1250
508
1773
423
541
1167
1491
1404
1496
185
485
1474
624
13
626
857
446
611
640
1218
1945
782
1327
538
1843
756
1581
1549
1297
262
1575
103
328
904
83
869
71
1132
1831
1567
1317
1873
1040
1941
1886
1223
354
331
1835
994
1107
1336
1334
433
1874
1176
1189
1455
282
42
1274
1414
1704
1159
318
1787
28
1947
475
1416
1513
1792
1288
110
1289
1174
1333
1643
1062
1167
194
1726
59
1528
158
1934
260
905
945
99
947
1776
1071
650
935
1389
1995
520
1335
26
1936
404
1819
780
514
664
1511
1405
307
573
128
501
298
188
1586
14
1679
1403
919
180
1060
1423
1956
130
1631
447
1076
1182
967
1968
1208
459
1929
1026
797
443
1691
307
1405
1555
437
1533
1613
293
1721
755
307
956
157
783
1136
774
205
1092
904
1836
1096
1537
1017
1621
1504
1783
79
1433
808
433
1433
55
741
394
1167
1178
1927
779
1471
1205
1534
1335
160
1249
117
1297
22
323
1946
484
1716
1041
20
290
661
1082
72
298
71
437
731
1061
493
1472
1455
1660
207
1381
1997
1235
585
1530
570
303
778
687
1600
358
567
1545
842
283
142
419
573
804
1058
202
1102
1129
639
1390
1747
1132
862
1201
349
626
139
345
1861
281
1432
430
584
1768
675
1741
125
1242
1285
524
1082
1428
500
1212
1789
1116
1414
447
1802
53
1837
1549
742
255
749
1091
881
888
993
742
1170
425
729
1311
1750
1404
1052
1432
203
1894
1513
1285
1321
12
497
666
1128
1468
1113
930
1521
950
35
263
1205
784
911
86
1230
1905
385
1957
1887
1114
1267
1636
75
1876
624
278
1770
136
1120
647
1706
1174
1314
391
642
426
878
1720
1376
913
1983
138
1254
894
1782
483
355
166
1997
241
837
1264
1434
469
1139
57
304
465
1751
1425
1113
1456
155
426
1404
797
852
281
74
1786
1194
56
1481
5
507
1262
45
862
985
42
660
1379
863
1651
1849
1559
1265
152
24
1015
1134
1137
28
1290
1563
1432
1644
1972
1714
1718
1314
464
1332
794
469
1839
1613
515
258
597
114
918
1534
977
569
1382
535
1834
1091
116
406
225
1253
434
1515
372
1866
715
1902
1136
433
1215
1601
1765
1567
1627
1160
1179
1699
1418
1334
1370
1894
867
346
462
1806
439
1853
896
112
1816
1121
923
249
635
1295
1673
1351
753
808
1341
1526
1966
662
1092
1150
1822
1828
405
1240
718
1776
1133
1585
1679
1152
1390
1675
561
286
1788
377
964
710
626
1157
1562
1856
64
1873
664
1405
1398
186
66
46
1336
1888
1431
1742
684
149
1074
1374
1291
752
525
681
1985
644
524
1772
1021
1045
38
1204
201
1157
1060
265
1029
1281
1227
426
1467
1293
29
360
738
1461
1659
1422
1610
732
353
900
1041
878
1138
1025
1079
1219
796
99
264
391
861
465
1549
1478
731
577
758
1515
561
1782
808
590
141
1103
1608
1800
81
1217
88
434
1675
1130
870
812
154
1949
1589
508
1606
1853
899
466
317
4
1944
605
139
258
120
700
39
485
847
1739
1588
455
1095
1226
1229
1184
1661
460
1871
530
1273
1582
35
418
1647
1641
270
546
106
587
107
1607
750
246
1422
427
946
1019
912
1351
757
56
1363
1409
1282
148
149
942
609
19
1029
1439
1602
622
1857
805
262
126
1351
1927
270
1016
1533
1020
1262
955
1004
1766
1974
1916
1116
287
1529
478
1696
811
626
1846
1310
792
1422
1897
230
580
518
86
1386
780
212
293
706
483
1309
1797
1060
571
308
64
1894
281
1537
1009
125
1066
1044
1378
1434
1227
1223
743
19
202
639
249
782
714
336
1725
1495
105
18
1758
145
884
1111
763
1012
1419
384
905
1257
1921
1914
939
543
514
317
1977
1742
1540
277
1318
1299
473
1567
81
1188
1460
1363
239
1123
1381
1554
1268
265
665
30
1277
1641
1972
182
898
1893
1653
1837
1993
167
153
1527
1466
1251
1804
783
106
276
1907
187
1021
924
1108
1260
46
488
371
871
310
1036
459
1145
233
430
884
1131
1880
93
525
1873
260
235
956
1283
1043
759
1623
1150
592
1087
894
1171
10
1
430
1614
47
358
41
1915
1394
500
1059
1185
931
1500
1873
367
1594
397
1797
1854
190
752
694
790
1068
316
1497
1661
1403
391
831
970
1950
818
140
1997
734
182
1912
1685
682
527
869
1170
27
742
1095
1621
696
891
1031
886
1644
1725
1234
711
1599
730
1929
1001
1121
316
1529
628
692
1669
181
1426
1408
1650
1110
90
177
1980
817
204
721
1469
1382
1417
360
412
1861
3
1695
1094
271
1293
1824
1758
1851
502
73
936
687
322
605
868
1305
12
518
415
1660
695
1952
34
456
229
1503
1395
1203
1420
1364
1063
1423
1058
1714
1252
1908
1095
1009
1759
1154
639
694
1841
519
856
708
1824
426
783
238
1643
1035
1747
1677
1491
1976
737
442
1179
156
1807
1799
1137
421
1513
388
329
607
954
1645
1761
1150
1896
1158
1669
752
1866
1493
735
206
1288
377
1241
592
54
732
567
348
731
1303
504
537
1102
1641
959
171
1586
1288
778
96
489
95
1247
384
810
472
1136
232
1522
1871
438
810
1806
1680
959
1860
1969
1526
207
699
829
268
794
1488
1910
1753
1659
1052
597
1994
1149
1086
88
1953
1027
455
424
163
687
1947
1591
1126
313
1396
805
1272
812
773
354
576
1029
740
845
1823
227
311
1132
1886
1363
1729
1879
511
371
1524
463
1399
1979
445
1119
223
391
266
1349
261
1220
153
1533
1589
483
1444
165
1069
184
567
892
411
878
23
1855
1798
1310
1290
1867
1238
814
1887
636
349
331
1312
572
279
1579
1478
540
355
1188
1630
1944
1671
1074
1666
297
815
232
1189
1226
667
769
1080
465
78
370
331
874
741
217
1510
647
106
379
777
385
1515
254
483
1870
1443
112
1813
670
743
1036
524
1558
1268
1713
341
1493
39
978
1958
117
905
1846
991
1646
62
58
1851
168
437
184
111
1952
438
594
1378
1438
263
747
1666
564
1783
189
121
608
1460
19
100
1499
998
57
1173
1903
1460
1722
1106
1522
1337
956
1248
1774
1140
916
1282
1135
1510
216
130
1330
963
1353
1894
746
1542
1573
1354
558
1592
1011
56
146
625
787
49
84
508
1155
1163
1845
1668
410
1175
364
1326
13
1056
392
229
1186
1723
1192
