454
62
277
138
49
45
435
295
423
226
225
235
200
140
256
157
209
64
475
333
220
394
410
21
284
429
483
28
436
148
338
390
458
115
274
6
407
208
47
330
180
273
311
380
159
67
283
115
378
3
448
344
397
358
365
427
286
348
455
468
242
39
103
446
154
377
199
307
332
246
136
11
265
448
138
425
261
421
39
138
171
233
482
67
337
93
495
369
187
195
337
175
234
186
121
134
63
320
442
141
312
324
399
324
271
283
248
278
451
33
416
121
266
144
188
350
484
429
218
170
371
301
91
104
488
212
239
297
278
427
438
337
250
336
160
21
119
408
299
69
187
462
437
199
352
124
48
335
300
13
251
170
314
342
274
301
301
259
97
325
185
281
161
436
364
321
203
229
475
248
298
161
209
234
361
307
104
155
388
150
168
138
320
483
227
341
29
27
346
127
352
31
154
13
213
17
80
416
246
55
163
290
216
119
270
323
172
121
479
60
271
393
198
338
375
171
178
405
198
23
278
297
301
432
56
13
196
136
175
442
191
85
232
154
204
248
477
376
369
201
182
140
94
127
478
215
298
155
119
243
425
143
39
226
322
342
486
17
478
161
205
416
246
437
69
196
185
292
318
53
494
0
440
334
127
417
48
171
318
415
414
490
57
199
462
125
40
447
142
18
107
348
180
99
30
249
295
462
287
113
262
280
360
201
360
233
365
409
404
429
323
318
418
126
16
379
252
57
72
140
322
179
234
1
25
265
497
320
473
283
179
234
310
285
182
169
17
46
324
422
475
393
239
139
19
1
17
17
305
89
404
126
15
138
374
287
149
370
353
121
400
32
102
209
317
284
124
81
76
449
2
297
341
241
436
106
489
200
370
294
35
20
420
297
158
294
83
53
410
437
421
309
215
22
264
278
52
389
359
128
337
361
426
424
348
361
277
337
307
393
130
343
413
49
139
317
89
223
370
246
159
37
54
120
59
65
398
112
454
257
487
36
117
412
460
212
19
483
48
326
376
178
415
288
474
54
352
310
277
221
302
182
4
356
48
64
421
446
423
120
449
155
156
313
67
363
24
333
345
72
405
220
497
320
255
216
374
106
272
397
73
73
325
78
176
373
142
343
64
311
464
13
466
119
326
279
482
96
358
327
