222
495
289
60
355
393
401
429
238
37
384
340
209
265
44
444
197
89
224
218
313
33
469
225
242
348
463
13
284
483
460
253
478
496
313
332
388
461
7
125
498
391
212
453
402
2
142
98
91
367
63
404
400
31
375
389
379
84
402
410
66
108
162
290
103
221
369
237
428
376
108
171
266
320
123
167
323
266
11
160
379
74
64
278
352
185
166
478
15
315
133
329
423
41
118
272
262
487
8
190
108
116
361
374
183
231
287
5
243
299
412
121
119
222
399
472
408
312
195
169
373
328
498
295
369
116
66
377
349
321
66
458
183
174
77
366
151
111
117
394
410
29
14
275
251
159
493
405
217
187
74
89
261
71
384
129
434
196
6
29
263
319
233
447
239
56
312
390
167
176
283
323
205
43
98
456
450
337
107
166
271
181
256
31
499
386
408
179
329
160
455
91
479
187
37
465
243
96
354
157
272
384
480
477
173
324
178
122
161
31
289
432
459
291
209
458
176
116
383
4
276
337
343
1
270
126
466
12
222
65
169
240
195
396
463
369
219
141
491
126
419
25
57
378
316
13
81
493
376
464
243
399
46
332
400
316
459
111
74
180
176
491
421
118
386
383
487
104
270
223
231
436
249
34
313
64
294
394
303
170
103
293
68
149
124
214
465
82
325
38
9
247
275
176
365
160
305
351
11
75
74
489
257
69
269
69
133
63
209
437
233
312
476
47
461
99
261
171
182
85
456
438
78
231
113
444
137
418
40
148
239
361
383
496
430
152
64
63
215
273
246
194
331
221
241
291
66
248
208
248
333
164
432
157
141
44
100
278
463
388
427
448
248
309
444
425
207
254
488
168
274
480
362
104
447
349
142
12
96
350
7
175
260
185
333
401
230
179
179
439
66
352
386
61
407
75
486
114
330
219
282
103
445
391
454
391
239
95
149
336
192
403
257
452
88
89
99
64
15
278
2
328
129
388
389
282
464
120
396
39
339
425
389
283
315
342
420
53
184
316
135
122
465
393
73
299
228
419
363
243
196
111
71
71
500
206
354
209
327
496
248
412
420
383
442
234
224
107
34
154
423
169
276
134
308
96
433
283
14
42
272
458
153
89
275
399
296
128
354
369
371
101
280
290
230
468
24
201
75
305
